775
770
765
760
755
750
745
740
735
730
725
720
715
710
705
700
695
690
685
680
675
670
665
660
655
650
645
640
635
630
625
620
615
610
605
600
595
590
585
580
575
570
565
560
555
550
545
540
535
530
525
520
515
510
505
500
495
490
485
480
475
470
465
460
455
450
445
440
435
430
425
420
415
410
405
400
395
390
385
380
375
370
365
360
355
350
345
340
335
330
325
320
315
310
305
300
295
290
285
280
275
270
265
260
255
250
245
240
235
230
225
220
215
210
205
200
195
190
185
180
175
173
171
168
166
164
162
159
157
155
153
151
148
146
144
142
139
137
135
133
131
128
126
124
122
119
117
115
113
111
108
106
104
102
99
97
95
93
91
88
86
84
82
79
77
75
75
75
75
75
75
75
75
75
75
75
75
75
75
75
75
75
75
75
75
75
75
75
75
75
75
75
75
75
75
75
75
75
75
75
75
75
75
75
75
75
75
75
75
75
75
75
75
75
75
75
75
75
75
75
75
75
75
75
75
75
77
79
82
84
86
88
91
93
95
97
99
102
104
106
108
111
113
115
117
119
122
124
126
128
131
133
135
137
139
142
144
146
148
151
153
155
157
159
162
164
166
168
171
173
175
180
185
190
195
200
205
210
215
220
225
230
235
240
245
250
255
260
265
270
275
280
285
290
295
300
305
310
315
320
325
330
335
340
345
350
355
360
365
370
375
380
385
390
395
400
405
410
415
420
425
430
435
440
445
450
455
460
465
470
475
479
482
486
489
493
496
500
503
507
510
514
517
521
524
528
531
535
539
542
546
549
553
556
560
563
567
570
574
577
581
584
588
591
595
599
602
606
609
613
616
620
623
627
630
634
637
641
644
648
651
655
659
662
666
669
673
676
680
683
687
690
694
697
701
704
708
711
715
719
722
726
729
733
736
740
743
747
750
754
757
761
764
768
771
775