75
75
75
75
75
75
75
75
75
75
75
75
75
75
75
75
75
75
75
75
75
75
75
75
75
75
75
75
75
75
75
75
75
75
75
75
75
75
75
75
75
75
75
75
75
75
75
75
75
75
75
75
75
75
75
75
75
75
75
75
75
75
75
75
75
75
75
75
75
75
75
75
75
75
75
75
75
75
75
75
75
75
75
75
75
75
75
75
75
75
75
75
75
75
75
75
75
75
75
75
75
75
75
75
75
75
75
75
75
75
75
75
75
75
75
75
75
75
75
75
75
79
84
88
93
97
102
106
111
115
119
124
128
133
137
142
146
151
155
159
164
168
173
177
182
186
191
195
199
204
208
213
217
222
226
231
235
239
244
248
253
257
262
266
271
275
280
285
290
295
300
305
310
315
320
325
330
335
340
345
350
355
360
365
370
375
380
385
390
395
400
405
410
415
420
425
430
435
440
445
450
455
460
465
470
475
480
485
490
495
500
505
510
515
520
525
530
535
540
545
550
555
560
565
570
575
579
584
588
593
597
602
606
611
615
619
624
628
633
637
642
646
651
655
659
664
668
673
677
682
686
691
695
699
704
708
713
717
722
726
731
735
739
744
748
753
757
762
766
771
775
775
775
775
775
775
775
775
775
775
775
775
775
775
775
775
775
775
775
775
775
775
775
775
775
775
775
775
775
775
775
775
775
775
775
775
775
775
775
775
775
775
775
775
775
775
775
775
775
775
775
775
775
775
775
775
775
775
775
775
775
771
768
764
761
757
754
750
747
743
740
736
733
729
726
722
719
715
711
708
704
701
697
694
690
687
683
680
676
673
669
666
662
659
655
651
648
644
641
637
634
630
627
623
620
616
613
609
606
602
599
595
591
588
584
581
577
574
570
567
563
560
556
553
549
546
542
539
535
531
528
524
521
517
514
510
507
503
500
496
493
489
486
482
479
475